{
 "cells": [
  {
   "cell_type": "code",
   "execution_count": 2,
   "metadata": {
    "collapsed": true
   },
   "outputs": [],
   "source": [
    "import pandas as pd\n",
    "import matplotlib.pyplot as plt\n",
    "import seaborn as sns\n",
    "import numpy as np\n",
    "from sklearn import svm\n",
    "from sklearn.preprocessing import StandardScaler\n",
    "from sklearn.datasets import load_boston\n",
    "from sklearn.model_selection import train_test_split\n",
    "from sklearn.linear_model import LinearRegression\n",
    "from sklearn.preprocessing import PolynomialFeatures\n",
    "%matplotlib inline\n",
    "#データを取得する\n",
    "#取得データをDataFrameにする\n",
    "X_original = pd.DataFrame(load_boston().data,columns=load_boston().feature_names)\n",
    "y = pd.DataFrame(load_boston().target)\n",
    "y.columns = ['MEDV']\n"
   ]
  },
  {
   "cell_type": "markdown",
   "metadata": {},
   "source": [
    "#基本的なデータ探索について記述せよ\n",
    "このデータセットは何のデータセットであるか(何のために作成されたか、誰が作成したか、何年に作成されたか)    \n",
    "→米国ボストン市郊外における地域別の住宅価格のデータセット  \n",
    "ボストンの郊外地域に関する犯罪率やその他様々な属性から、価格を見積もるためのデータ  \n",
    "１９７０年のアメリカの国勢調査によるもの  \n",
    "  \n",
    "それぞれのカラムは何を表しているのか  \n",
    "→  \n",
    "CRIM→人口1人当たりの犯罪発生数  \n",
    "ZN→25,000 平方フィート以上の住居区画の占める割合  \n",
    "INDUS→小売業以外の商業が占める面積の割合  \n",
    "CHAS→チャールズ川によるダミー変数 (1: 川の周辺, 0: それ以外)  \n",
    "NOX→NOx の濃度  \n",
    "RM→住居の平均部屋数  \n",
    "AGE→1940 年より前に建てられた物件の割合  \n",
    "DIS→5 つのボストン市の雇用施設からの距離 (重み付け済)  \n",
    "RAD→環状高速道路へのアクセスしやすさ  \n",
    "TAX→$10000 ドルあたりの不動産税率の総計  \n",
    "PTRATIO→町毎の児童と教師の比率  \n",
    "B→町毎の黒人 (Bk) の比率を次の式で表したもの。 1000(Bk – 0.63)^2  \n",
    "LSTAT→給与の低い職業に従事する人口の割合 (%)  \n",
    "    "
   ]
  },
  {
   "cell_type": "code",
   "execution_count": 23,
   "metadata": {},
   "outputs": [
    {
     "data": {
      "text/html": [
       "<div>\n",
       "<style>\n",
       "    .dataframe thead tr:only-child th {\n",
       "        text-align: right;\n",
       "    }\n",
       "\n",
       "    .dataframe thead th {\n",
       "        text-align: left;\n",
       "    }\n",
       "\n",
       "    .dataframe tbody tr th {\n",
       "        vertical-align: top;\n",
       "    }\n",
       "</style>\n",
       "<table border=\"1\" class=\"dataframe\">\n",
       "  <thead>\n",
       "    <tr style=\"text-align: right;\">\n",
       "      <th></th>\n",
       "      <th>CRIM</th>\n",
       "      <th>ZN</th>\n",
       "      <th>INDUS</th>\n",
       "      <th>CHAS</th>\n",
       "      <th>NOX</th>\n",
       "      <th>RM</th>\n",
       "      <th>AGE</th>\n",
       "      <th>DIS</th>\n",
       "      <th>RAD</th>\n",
       "      <th>TAX</th>\n",
       "      <th>PTRATIO</th>\n",
       "      <th>B</th>\n",
       "      <th>LSTAT</th>\n",
       "    </tr>\n",
       "  </thead>\n",
       "  <tbody>\n",
       "    <tr>\n",
       "      <th>count</th>\n",
       "      <td>506.000000</td>\n",
       "      <td>506.000000</td>\n",
       "      <td>506.000000</td>\n",
       "      <td>506.000000</td>\n",
       "      <td>506.000000</td>\n",
       "      <td>506.000000</td>\n",
       "      <td>506.000000</td>\n",
       "      <td>506.000000</td>\n",
       "      <td>506.000000</td>\n",
       "      <td>506.000000</td>\n",
       "      <td>506.000000</td>\n",
       "      <td>506.000000</td>\n",
       "      <td>506.000000</td>\n",
       "    </tr>\n",
       "    <tr>\n",
       "      <th>mean</th>\n",
       "      <td>3.593761</td>\n",
       "      <td>11.363636</td>\n",
       "      <td>11.136779</td>\n",
       "      <td>0.069170</td>\n",
       "      <td>0.554695</td>\n",
       "      <td>6.284634</td>\n",
       "      <td>68.574901</td>\n",
       "      <td>3.795043</td>\n",
       "      <td>9.549407</td>\n",
       "      <td>408.237154</td>\n",
       "      <td>18.455534</td>\n",
       "      <td>356.674032</td>\n",
       "      <td>12.653063</td>\n",
       "    </tr>\n",
       "    <tr>\n",
       "      <th>std</th>\n",
       "      <td>8.596783</td>\n",
       "      <td>23.322453</td>\n",
       "      <td>6.860353</td>\n",
       "      <td>0.253994</td>\n",
       "      <td>0.115878</td>\n",
       "      <td>0.702617</td>\n",
       "      <td>28.148861</td>\n",
       "      <td>2.105710</td>\n",
       "      <td>8.707259</td>\n",
       "      <td>168.537116</td>\n",
       "      <td>2.164946</td>\n",
       "      <td>91.294864</td>\n",
       "      <td>7.141062</td>\n",
       "    </tr>\n",
       "    <tr>\n",
       "      <th>min</th>\n",
       "      <td>0.006320</td>\n",
       "      <td>0.000000</td>\n",
       "      <td>0.460000</td>\n",
       "      <td>0.000000</td>\n",
       "      <td>0.385000</td>\n",
       "      <td>3.561000</td>\n",
       "      <td>2.900000</td>\n",
       "      <td>1.129600</td>\n",
       "      <td>1.000000</td>\n",
       "      <td>187.000000</td>\n",
       "      <td>12.600000</td>\n",
       "      <td>0.320000</td>\n",
       "      <td>1.730000</td>\n",
       "    </tr>\n",
       "    <tr>\n",
       "      <th>25%</th>\n",
       "      <td>0.082045</td>\n",
       "      <td>0.000000</td>\n",
       "      <td>5.190000</td>\n",
       "      <td>0.000000</td>\n",
       "      <td>0.449000</td>\n",
       "      <td>5.885500</td>\n",
       "      <td>45.025000</td>\n",
       "      <td>2.100175</td>\n",
       "      <td>4.000000</td>\n",
       "      <td>279.000000</td>\n",
       "      <td>17.400000</td>\n",
       "      <td>375.377500</td>\n",
       "      <td>6.950000</td>\n",
       "    </tr>\n",
       "    <tr>\n",
       "      <th>50%</th>\n",
       "      <td>0.256510</td>\n",
       "      <td>0.000000</td>\n",
       "      <td>9.690000</td>\n",
       "      <td>0.000000</td>\n",
       "      <td>0.538000</td>\n",
       "      <td>6.208500</td>\n",
       "      <td>77.500000</td>\n",
       "      <td>3.207450</td>\n",
       "      <td>5.000000</td>\n",
       "      <td>330.000000</td>\n",
       "      <td>19.050000</td>\n",
       "      <td>391.440000</td>\n",
       "      <td>11.360000</td>\n",
       "    </tr>\n",
       "    <tr>\n",
       "      <th>75%</th>\n",
       "      <td>3.647423</td>\n",
       "      <td>12.500000</td>\n",
       "      <td>18.100000</td>\n",
       "      <td>0.000000</td>\n",
       "      <td>0.624000</td>\n",
       "      <td>6.623500</td>\n",
       "      <td>94.075000</td>\n",
       "      <td>5.188425</td>\n",
       "      <td>24.000000</td>\n",
       "      <td>666.000000</td>\n",
       "      <td>20.200000</td>\n",
       "      <td>396.225000</td>\n",
       "      <td>16.955000</td>\n",
       "    </tr>\n",
       "    <tr>\n",
       "      <th>max</th>\n",
       "      <td>88.976200</td>\n",
       "      <td>100.000000</td>\n",
       "      <td>27.740000</td>\n",
       "      <td>1.000000</td>\n",
       "      <td>0.871000</td>\n",
       "      <td>8.780000</td>\n",
       "      <td>100.000000</td>\n",
       "      <td>12.126500</td>\n",
       "      <td>24.000000</td>\n",
       "      <td>711.000000</td>\n",
       "      <td>22.000000</td>\n",
       "      <td>396.900000</td>\n",
       "      <td>37.970000</td>\n",
       "    </tr>\n",
       "  </tbody>\n",
       "</table>\n",
       "</div>"
      ],
      "text/plain": [
       "             CRIM          ZN       INDUS        CHAS         NOX          RM  \\\n",
       "count  506.000000  506.000000  506.000000  506.000000  506.000000  506.000000   \n",
       "mean     3.593761   11.363636   11.136779    0.069170    0.554695    6.284634   \n",
       "std      8.596783   23.322453    6.860353    0.253994    0.115878    0.702617   \n",
       "min      0.006320    0.000000    0.460000    0.000000    0.385000    3.561000   \n",
       "25%      0.082045    0.000000    5.190000    0.000000    0.449000    5.885500   \n",
       "50%      0.256510    0.000000    9.690000    0.000000    0.538000    6.208500   \n",
       "75%      3.647423   12.500000   18.100000    0.000000    0.624000    6.623500   \n",
       "max     88.976200  100.000000   27.740000    1.000000    0.871000    8.780000   \n",
       "\n",
       "              AGE         DIS         RAD         TAX     PTRATIO           B  \\\n",
       "count  506.000000  506.000000  506.000000  506.000000  506.000000  506.000000   \n",
       "mean    68.574901    3.795043    9.549407  408.237154   18.455534  356.674032   \n",
       "std     28.148861    2.105710    8.707259  168.537116    2.164946   91.294864   \n",
       "min      2.900000    1.129600    1.000000  187.000000   12.600000    0.320000   \n",
       "25%     45.025000    2.100175    4.000000  279.000000   17.400000  375.377500   \n",
       "50%     77.500000    3.207450    5.000000  330.000000   19.050000  391.440000   \n",
       "75%     94.075000    5.188425   24.000000  666.000000   20.200000  396.225000   \n",
       "max    100.000000   12.126500   24.000000  711.000000   22.000000  396.900000   \n",
       "\n",
       "            LSTAT  \n",
       "count  506.000000  \n",
       "mean    12.653063  \n",
       "std      7.141062  \n",
       "min      1.730000  \n",
       "25%      6.950000  \n",
       "50%     11.360000  \n",
       "75%     16.955000  \n",
       "max     37.970000  "
      ]
     },
     "execution_count": 23,
     "metadata": {},
     "output_type": "execute_result"
    }
   ],
   "source": [
    "X_original.describe()"
   ]
  },
  {
   "cell_type": "code",
   "execution_count": 24,
   "metadata": {},
   "outputs": [
    {
     "name": "stdout",
     "output_type": "stream",
     "text": [
      "<class 'pandas.core.frame.DataFrame'>\n",
      "RangeIndex: 506 entries, 0 to 505\n",
      "Data columns (total 13 columns):\n",
      "CRIM       506 non-null float64\n",
      "ZN         506 non-null float64\n",
      "INDUS      506 non-null float64\n",
      "CHAS       506 non-null float64\n",
      "NOX        506 non-null float64\n",
      "RM         506 non-null float64\n",
      "AGE        506 non-null float64\n",
      "DIS        506 non-null float64\n",
      "RAD        506 non-null float64\n",
      "TAX        506 non-null float64\n",
      "PTRATIO    506 non-null float64\n",
      "B          506 non-null float64\n",
      "LSTAT      506 non-null float64\n",
      "dtypes: float64(13)\n",
      "memory usage: 51.5 KB\n"
     ]
    }
   ],
   "source": [
    "X_original.info()"
   ]
  },
  {
   "cell_type": "markdown",
   "metadata": {},
   "source": [
    "#describeメソッドを用いることで把握できたこと(考察)を記述せよ  \n",
    "  \n",
    "前処理に関して気をつけるべき点  \n",
    "→ 前処理は時間をかけすぎない。どのモデルを使うかという事を事前に考慮し、どのデータが必要かなどを吟味する。  \n",
    "  \n",
    "機械学習の手法選択に活かせること、機械学習の特徴選択について考えられること  \n",
    "→データ数が少ないと思われる場合は、過学習しないような手法を選択する  \n",
    "欠損値が多いか。  \n",
    "欠損値が多い場合はそれでも有効な手法を選ぶ。  \n",
    "   "
   ]
  },
  {
   "cell_type": "code",
   "execution_count": 25,
   "metadata": {},
   "outputs": [
    {
     "data": {
      "text/html": [
       "<div>\n",
       "<style>\n",
       "    .dataframe thead tr:only-child th {\n",
       "        text-align: right;\n",
       "    }\n",
       "\n",
       "    .dataframe thead th {\n",
       "        text-align: left;\n",
       "    }\n",
       "\n",
       "    .dataframe tbody tr th {\n",
       "        vertical-align: top;\n",
       "    }\n",
       "</style>\n",
       "<table border=\"1\" class=\"dataframe\">\n",
       "  <thead>\n",
       "    <tr style=\"text-align: right;\">\n",
       "      <th></th>\n",
       "      <th>CRIM</th>\n",
       "      <th>ZN</th>\n",
       "      <th>INDUS</th>\n",
       "      <th>CHAS</th>\n",
       "      <th>NOX</th>\n",
       "      <th>RM</th>\n",
       "      <th>AGE</th>\n",
       "      <th>DIS</th>\n",
       "      <th>RAD</th>\n",
       "      <th>TAX</th>\n",
       "      <th>PTRATIO</th>\n",
       "      <th>B</th>\n",
       "      <th>LSTAT</th>\n",
       "      <th>MEDV</th>\n",
       "    </tr>\n",
       "  </thead>\n",
       "  <tbody>\n",
       "    <tr>\n",
       "      <th>CRIM</th>\n",
       "      <td>1.000000</td>\n",
       "      <td>-0.199458</td>\n",
       "      <td>0.404471</td>\n",
       "      <td>-0.055295</td>\n",
       "      <td>0.417521</td>\n",
       "      <td>-0.219940</td>\n",
       "      <td>0.350784</td>\n",
       "      <td>-0.377904</td>\n",
       "      <td>0.622029</td>\n",
       "      <td>0.579564</td>\n",
       "      <td>0.288250</td>\n",
       "      <td>-0.377365</td>\n",
       "      <td>0.452220</td>\n",
       "      <td>-0.385832</td>\n",
       "    </tr>\n",
       "    <tr>\n",
       "      <th>ZN</th>\n",
       "      <td>-0.199458</td>\n",
       "      <td>1.000000</td>\n",
       "      <td>-0.533828</td>\n",
       "      <td>-0.042697</td>\n",
       "      <td>-0.516604</td>\n",
       "      <td>0.311991</td>\n",
       "      <td>-0.569537</td>\n",
       "      <td>0.664408</td>\n",
       "      <td>-0.311948</td>\n",
       "      <td>-0.314563</td>\n",
       "      <td>-0.391679</td>\n",
       "      <td>0.175520</td>\n",
       "      <td>-0.412995</td>\n",
       "      <td>0.360445</td>\n",
       "    </tr>\n",
       "    <tr>\n",
       "      <th>INDUS</th>\n",
       "      <td>0.404471</td>\n",
       "      <td>-0.533828</td>\n",
       "      <td>1.000000</td>\n",
       "      <td>0.062938</td>\n",
       "      <td>0.763651</td>\n",
       "      <td>-0.391676</td>\n",
       "      <td>0.644779</td>\n",
       "      <td>-0.708027</td>\n",
       "      <td>0.595129</td>\n",
       "      <td>0.720760</td>\n",
       "      <td>0.383248</td>\n",
       "      <td>-0.356977</td>\n",
       "      <td>0.603800</td>\n",
       "      <td>-0.483725</td>\n",
       "    </tr>\n",
       "    <tr>\n",
       "      <th>CHAS</th>\n",
       "      <td>-0.055295</td>\n",
       "      <td>-0.042697</td>\n",
       "      <td>0.062938</td>\n",
       "      <td>1.000000</td>\n",
       "      <td>0.091203</td>\n",
       "      <td>0.091251</td>\n",
       "      <td>0.086518</td>\n",
       "      <td>-0.099176</td>\n",
       "      <td>-0.007368</td>\n",
       "      <td>-0.035587</td>\n",
       "      <td>-0.121515</td>\n",
       "      <td>0.048788</td>\n",
       "      <td>-0.053929</td>\n",
       "      <td>0.175260</td>\n",
       "    </tr>\n",
       "    <tr>\n",
       "      <th>NOX</th>\n",
       "      <td>0.417521</td>\n",
       "      <td>-0.516604</td>\n",
       "      <td>0.763651</td>\n",
       "      <td>0.091203</td>\n",
       "      <td>1.000000</td>\n",
       "      <td>-0.302188</td>\n",
       "      <td>0.731470</td>\n",
       "      <td>-0.769230</td>\n",
       "      <td>0.611441</td>\n",
       "      <td>0.668023</td>\n",
       "      <td>0.188933</td>\n",
       "      <td>-0.380051</td>\n",
       "      <td>0.590879</td>\n",
       "      <td>-0.427321</td>\n",
       "    </tr>\n",
       "    <tr>\n",
       "      <th>RM</th>\n",
       "      <td>-0.219940</td>\n",
       "      <td>0.311991</td>\n",
       "      <td>-0.391676</td>\n",
       "      <td>0.091251</td>\n",
       "      <td>-0.302188</td>\n",
       "      <td>1.000000</td>\n",
       "      <td>-0.240265</td>\n",
       "      <td>0.205246</td>\n",
       "      <td>-0.209847</td>\n",
       "      <td>-0.292048</td>\n",
       "      <td>-0.355501</td>\n",
       "      <td>0.128069</td>\n",
       "      <td>-0.613808</td>\n",
       "      <td>0.695360</td>\n",
       "    </tr>\n",
       "    <tr>\n",
       "      <th>AGE</th>\n",
       "      <td>0.350784</td>\n",
       "      <td>-0.569537</td>\n",
       "      <td>0.644779</td>\n",
       "      <td>0.086518</td>\n",
       "      <td>0.731470</td>\n",
       "      <td>-0.240265</td>\n",
       "      <td>1.000000</td>\n",
       "      <td>-0.747881</td>\n",
       "      <td>0.456022</td>\n",
       "      <td>0.506456</td>\n",
       "      <td>0.261515</td>\n",
       "      <td>-0.273534</td>\n",
       "      <td>0.602339</td>\n",
       "      <td>-0.376955</td>\n",
       "    </tr>\n",
       "    <tr>\n",
       "      <th>DIS</th>\n",
       "      <td>-0.377904</td>\n",
       "      <td>0.664408</td>\n",
       "      <td>-0.708027</td>\n",
       "      <td>-0.099176</td>\n",
       "      <td>-0.769230</td>\n",
       "      <td>0.205246</td>\n",
       "      <td>-0.747881</td>\n",
       "      <td>1.000000</td>\n",
       "      <td>-0.494588</td>\n",
       "      <td>-0.534432</td>\n",
       "      <td>-0.232471</td>\n",
       "      <td>0.291512</td>\n",
       "      <td>-0.496996</td>\n",
       "      <td>0.249929</td>\n",
       "    </tr>\n",
       "    <tr>\n",
       "      <th>RAD</th>\n",
       "      <td>0.622029</td>\n",
       "      <td>-0.311948</td>\n",
       "      <td>0.595129</td>\n",
       "      <td>-0.007368</td>\n",
       "      <td>0.611441</td>\n",
       "      <td>-0.209847</td>\n",
       "      <td>0.456022</td>\n",
       "      <td>-0.494588</td>\n",
       "      <td>1.000000</td>\n",
       "      <td>0.910228</td>\n",
       "      <td>0.464741</td>\n",
       "      <td>-0.444413</td>\n",
       "      <td>0.488676</td>\n",
       "      <td>-0.381626</td>\n",
       "    </tr>\n",
       "    <tr>\n",
       "      <th>TAX</th>\n",
       "      <td>0.579564</td>\n",
       "      <td>-0.314563</td>\n",
       "      <td>0.720760</td>\n",
       "      <td>-0.035587</td>\n",
       "      <td>0.668023</td>\n",
       "      <td>-0.292048</td>\n",
       "      <td>0.506456</td>\n",
       "      <td>-0.534432</td>\n",
       "      <td>0.910228</td>\n",
       "      <td>1.000000</td>\n",
       "      <td>0.460853</td>\n",
       "      <td>-0.441808</td>\n",
       "      <td>0.543993</td>\n",
       "      <td>-0.468536</td>\n",
       "    </tr>\n",
       "    <tr>\n",
       "      <th>PTRATIO</th>\n",
       "      <td>0.288250</td>\n",
       "      <td>-0.391679</td>\n",
       "      <td>0.383248</td>\n",
       "      <td>-0.121515</td>\n",
       "      <td>0.188933</td>\n",
       "      <td>-0.355501</td>\n",
       "      <td>0.261515</td>\n",
       "      <td>-0.232471</td>\n",
       "      <td>0.464741</td>\n",
       "      <td>0.460853</td>\n",
       "      <td>1.000000</td>\n",
       "      <td>-0.177383</td>\n",
       "      <td>0.374044</td>\n",
       "      <td>-0.507787</td>\n",
       "    </tr>\n",
       "    <tr>\n",
       "      <th>B</th>\n",
       "      <td>-0.377365</td>\n",
       "      <td>0.175520</td>\n",
       "      <td>-0.356977</td>\n",
       "      <td>0.048788</td>\n",
       "      <td>-0.380051</td>\n",
       "      <td>0.128069</td>\n",
       "      <td>-0.273534</td>\n",
       "      <td>0.291512</td>\n",
       "      <td>-0.444413</td>\n",
       "      <td>-0.441808</td>\n",
       "      <td>-0.177383</td>\n",
       "      <td>1.000000</td>\n",
       "      <td>-0.366087</td>\n",
       "      <td>0.333461</td>\n",
       "    </tr>\n",
       "    <tr>\n",
       "      <th>LSTAT</th>\n",
       "      <td>0.452220</td>\n",
       "      <td>-0.412995</td>\n",
       "      <td>0.603800</td>\n",
       "      <td>-0.053929</td>\n",
       "      <td>0.590879</td>\n",
       "      <td>-0.613808</td>\n",
       "      <td>0.602339</td>\n",
       "      <td>-0.496996</td>\n",
       "      <td>0.488676</td>\n",
       "      <td>0.543993</td>\n",
       "      <td>0.374044</td>\n",
       "      <td>-0.366087</td>\n",
       "      <td>1.000000</td>\n",
       "      <td>-0.737663</td>\n",
       "    </tr>\n",
       "    <tr>\n",
       "      <th>MEDV</th>\n",
       "      <td>-0.385832</td>\n",
       "      <td>0.360445</td>\n",
       "      <td>-0.483725</td>\n",
       "      <td>0.175260</td>\n",
       "      <td>-0.427321</td>\n",
       "      <td>0.695360</td>\n",
       "      <td>-0.376955</td>\n",
       "      <td>0.249929</td>\n",
       "      <td>-0.381626</td>\n",
       "      <td>-0.468536</td>\n",
       "      <td>-0.507787</td>\n",
       "      <td>0.333461</td>\n",
       "      <td>-0.737663</td>\n",
       "      <td>1.000000</td>\n",
       "    </tr>\n",
       "  </tbody>\n",
       "</table>\n",
       "</div>"
      ],
      "text/plain": [
       "             CRIM        ZN     INDUS      CHAS       NOX        RM       AGE  \\\n",
       "CRIM     1.000000 -0.199458  0.404471 -0.055295  0.417521 -0.219940  0.350784   \n",
       "ZN      -0.199458  1.000000 -0.533828 -0.042697 -0.516604  0.311991 -0.569537   \n",
       "INDUS    0.404471 -0.533828  1.000000  0.062938  0.763651 -0.391676  0.644779   \n",
       "CHAS    -0.055295 -0.042697  0.062938  1.000000  0.091203  0.091251  0.086518   \n",
       "NOX      0.417521 -0.516604  0.763651  0.091203  1.000000 -0.302188  0.731470   \n",
       "RM      -0.219940  0.311991 -0.391676  0.091251 -0.302188  1.000000 -0.240265   \n",
       "AGE      0.350784 -0.569537  0.644779  0.086518  0.731470 -0.240265  1.000000   \n",
       "DIS     -0.377904  0.664408 -0.708027 -0.099176 -0.769230  0.205246 -0.747881   \n",
       "RAD      0.622029 -0.311948  0.595129 -0.007368  0.611441 -0.209847  0.456022   \n",
       "TAX      0.579564 -0.314563  0.720760 -0.035587  0.668023 -0.292048  0.506456   \n",
       "PTRATIO  0.288250 -0.391679  0.383248 -0.121515  0.188933 -0.355501  0.261515   \n",
       "B       -0.377365  0.175520 -0.356977  0.048788 -0.380051  0.128069 -0.273534   \n",
       "LSTAT    0.452220 -0.412995  0.603800 -0.053929  0.590879 -0.613808  0.602339   \n",
       "MEDV    -0.385832  0.360445 -0.483725  0.175260 -0.427321  0.695360 -0.376955   \n",
       "\n",
       "              DIS       RAD       TAX   PTRATIO         B     LSTAT      MEDV  \n",
       "CRIM    -0.377904  0.622029  0.579564  0.288250 -0.377365  0.452220 -0.385832  \n",
       "ZN       0.664408 -0.311948 -0.314563 -0.391679  0.175520 -0.412995  0.360445  \n",
       "INDUS   -0.708027  0.595129  0.720760  0.383248 -0.356977  0.603800 -0.483725  \n",
       "CHAS    -0.099176 -0.007368 -0.035587 -0.121515  0.048788 -0.053929  0.175260  \n",
       "NOX     -0.769230  0.611441  0.668023  0.188933 -0.380051  0.590879 -0.427321  \n",
       "RM       0.205246 -0.209847 -0.292048 -0.355501  0.128069 -0.613808  0.695360  \n",
       "AGE     -0.747881  0.456022  0.506456  0.261515 -0.273534  0.602339 -0.376955  \n",
       "DIS      1.000000 -0.494588 -0.534432 -0.232471  0.291512 -0.496996  0.249929  \n",
       "RAD     -0.494588  1.000000  0.910228  0.464741 -0.444413  0.488676 -0.381626  \n",
       "TAX     -0.534432  0.910228  1.000000  0.460853 -0.441808  0.543993 -0.468536  \n",
       "PTRATIO -0.232471  0.464741  0.460853  1.000000 -0.177383  0.374044 -0.507787  \n",
       "B        0.291512 -0.444413 -0.441808 -0.177383  1.000000 -0.366087  0.333461  \n",
       "LSTAT   -0.496996  0.488676  0.543993  0.374044 -0.366087  1.000000 -0.737663  \n",
       "MEDV     0.249929 -0.381626 -0.468536 -0.507787  0.333461 -0.737663  1.000000  "
      ]
     },
     "execution_count": 25,
     "metadata": {},
     "output_type": "execute_result"
    }
   ],
   "source": [
    "#二変数の可視化\n",
    "boston_data = pd.concat([X_original,y],axis=1 )\n",
    "pd.DataFrame.corr(boston_data)"
   ]
  },
  {
   "cell_type": "markdown",
   "metadata": {},
   "source": [
    "#二変数の可視化について記述せよ  \n",
    "  \n",
    "そもそも相関とは何か  \n",
    "→２つの変量の間に，一方が増加すれば他方も増加する、または一方が増加すれば他方が減少するという関係  \n",
    "  \n",
    "MEDVにもっとも相関があると出力された変数を3つほどあげよ。  \n",
    "→LSTAT,RM,PTRATIO  \n",
    "  \n",
    "相関がある変数を判明させることでどのように利用できそうか考察せよ（調査せよ）  \n",
    "→相関がある変数を説明変数として残し、それ以外の変数を一度省いてまずは解析を進めてみる。結果次第で説明変数を増やしたり減らしたりする。  "
   ]
  },
  {
   "cell_type": "markdown",
   "metadata": {},
   "source": [
    "#相関の注意点について記述せよ  \n",
    "  \n",
    "相関が正しく2変数の関係を表していない時がある、それはどのような場合か  \n",
    "→外れ値が存在する場合  \n",
    "  \n",
    "その場合、どのような手段によって、確認するべきか  \n",
    "→散布図を出して目視で外れ値を確認し、アナログに取り除く。  "
   ]
  },
  {
   "cell_type": "code",
   "execution_count": 26,
   "metadata": {},
   "outputs": [
    {
     "data": {
